Model: aqhi_3h
RMSE: 0.407569652298048
MAE: 0.173775826058601
R2: 0.85120397726703
