Model: aqhi_1h
RMSE: 0.114734377553626
MAE: 0.0517058653156498
R2: 0.988019162196964
