Model: aqhi_2h
RMSE: 0.245710747512605
MAE: 0.102409997065564
R2: 0.945097989437883
