Model: aqhi_6h
RMSE: 0.613059645089541
MAE: 0.284254835999273
R2: 0.6591011010359
